30 80 400 0.5 400
35 85 400 0.5 400
34 81 412 0.5 400
31 84 400 0.5 400
34 82 523 0.5 400
35 75 400 0.5 400
35 89 800 0.5 780
34 87 1470 0.5 917
34 87 1470 0.5 917
34 87 1470 0.5 917
34 87 1470 0.5 917
34 87 1470 0.5 917
34 87 1470 0.5 917
34 87 1470 0.5 917
34 87 1470 0.5 917
34 87 1470 0.5 917
34 87 1470 0.5 917
34 87 1470 0.5 917
34 87 1470 0.5 917
34 87 1470 0.5 917
34 87 1470 0.5 917
34 87 1470 0.5 917
34 87 1470 0.5 917
34 87 1470 0.5 917
34 87 1470 0.5 917
34 87 1470 0.5 917
34 87 1470 0.5 917
34 87 1470 0.5 917
34 87 1470 0.5 917
34 87 1470 0.5 917